90
84
143
164
62
181
33
2
28
4
95
74
99
51
62
64
40
76
28
175
153
137
101
12
179
91
13
169
116
115
23
120
197
15
36
57
7
4
192
138
15
109
62
147
188
134
131
35
196
167
168
34
31
16
41
59
139
182
114
101
126
47
122
144
98
151
103
39
195
152
177
69
44
103
147
168
168
1
43
197
100
34
3
174
177
149
32
63
15
125
112
177
5
30
1
144
78
161
20
160
85
99
151
127
129
25
26
94
43
113
58
114
148
184
137
105
188
140
127
147
117
149
114
159
62
165
88
22
139
176
101
72
2
170
192
74
144
172
88
73
74
75
44
102
152
37
135
21
19
136
162
187
40
57
4
35
12
54
77
189
175
169
112
173
93
73
70
43
23
182
103
20
137
137
68
197
20
126
16
7
139
199
197
147
51
150
138
178
140
14
50
58
124
158
152
57
139
84
134
63
121
98
45
76
27
0
79
27
180
174
16
10
152
123
51
119
116
127
161
16
25
121
92
191
104
118
17
64
143
183
68
185
49
21
166
101
28
180
1
36
60
49
60
123
101
169
113
123
30
160
84
89
24
147
119
162
101
170
120
104
118
69
140
157
77
90
20
186
153
8
198
53
64
164
87
190
167
5
148
132
12
134
31
16
12
87
70
45
193
56
144
59
171
44
161
143
72
62
109
96
158
2
113
185
116
10
197
78
25
99
93
69
116
60
199
58
146
19
127
46
7
44
165
61
171
62
120
179
125
164
148
51
190
61
159
124
172
56
194
120
191
15
35
9
73
79
39
83
126
58
100
176
18
49
148
84
66
97
109
54
90
32
70
79
86
140
12
106
132
97
147
24
7
133
176
150
127
10
187
118
27
143
170
167
192
59
56
50
139
95
60
42
98
95
6
79
177
13
12
23
105
145
107
97
186
161
193
24
1
145
95
120
85
24
173
16
12
159
53
99
154
174
49
77
185
84
40
7
84
18
187
183
157
13
182
48
7
103
178
177
133
105
184
76
105
119
136
133
145
160
47
61
108
160
199
146
11
83
144
53
66
0
196
127
53
136
137
144
23
155
71
70
166
21
145
183
163
121
184
28
157
34
139
18
53
186
43
29
12
57
147
42
64
156
124
146
149
39
70
151
121
176
28
68
104
90
94
77
86
154
73
24
147
114
164
62
32
168
57
50
112
82
172
157
97
104
143
60
82
189
43
167
79
195
124
190
63
147
196
169
134
190
39
172
95
163
30
102
89
30
141
117
27
33
111
96
106
9
65
121
70
95
124
164
37
17
4
88
39
173
141
185
145
81
54
167
77
2
157
134
94
183
186
99
113
138
16
176
86
195
158
117
7
152
27
155
72
68
8
14
84
114
71
86
192
111
81
114
32
82
54
66
176
137
117
63
158
97
140
65
42
113
129
76
15
116
46
8
27
25
43
52
138
25
78
111
49
148
5
138
126
160
12
141
93
63
66
52
166
91
126
198
66
17
143
59
43
184
49
119
187
188
195
62
165
91
197
102
24
180
30
140
74
47
12
84
97
4
45
160
101
180
58
156
121
182
116
188
176
103
174
147
124
161
10
33
153
71
7
136
88
146
152
67
192
131
24
82
88
166
186
199
15
87
157
183
195
27
4
141
176
125
59
177
89
188
93
32
74
150
107
56
46
84
135
58
4
185
6
37
116
175
12
67
16
104
138
98
165
86
50
25
57
15
195
148
102
105
168
183
92
198
26
99
174
148
126
199
162
44
41
111
12
60
24
161
148
59
13
42
43
137
99
36
173
129
82
50
17
188
134
42
188
58
50
29
10
143
122
142
94
80
190
188
186
193
18
94
55
189
98
50
0
73
99
34
98
149
53
180
163
168
172
125
36
143
14
9
33
153
127
137
133
186
112
193
34
114
134
133
38
122
86
183
9
82
174
104
75
58
135
81
178
147
118
164
49
32
98
132
109
7
41
94
113
102
19
50
129
59
119
170
19
125
4
69
57
120
47
144
179
153
108
43
50
71
136
148
119
162
107
98
146
91
115
79
119
7
43
10
154
80
18
57
43
10
136
64
37
95
180
72
192
48
176
63
62
65
78
143
171
64
100
190
13
185
130
170
107
113
125
87
82
5
195
6
179
150
47
107
112
139
95
131
13
27
104
88
107
78
131
115
127
46
105
5
66
151
42
26
41
112
131
138
141
54
30
181
149
4
107
115
7
144
133
189
174
28
47
67
20
64
149
99
177
89
174
67
196
152
135
171
38
73
44
58
134
30
79
131
142
56
75
155
13
138
49
154
166
178
9
76
166
4
78
195
3
116
128
67
119
64
117
1
28
48
153
73
41
35
73
27
179
55
72
64
175
124
17
79
115
110
3
55
188
54
58
168
170
188
98
74
96
66
7
137
184
32
160
148
60
47
137
88
6
36
32
102
152
60
199
182
144
30
112
119
91
26
135
44
163
164
49
68
107
92
66
77
15
173
108
94
104
167
83
160
13
124
30
185
197
36
8
61
161
126
28
136
55
147
71
133
48
192
7
108
27
88
82
67
107
43
169
132
131
0
179
191
154
18
30
116
114
122
88
111
178
8
27
72
27
111
199
101
79
125
162
7
29
147
123
182
161
7
36
58
65
124
93
87
179
131
76
147
82
144
2
48
95
3
186
97
3
1
51
98
107
94
21
152
44
137
120
138
118
93
87
179
117
24
164
93
122
33
53
180
121
123
108
124
180
176
172
183
172
100
79
55
119
184
5
125
69
110
62
43
100
32
41
36
140
56
45
46
37
123
28
193
100
71
72
71
149
117
117
136
2
141
30
80
169
38
20
175
51
126
57
94
33
132
195
145
81
199
132
181
79
179
157
135
159
168
99
166
158
94
98
78
56
169
22
18
11
84
144
141
131
165
117
109
16
70
131
85
81
123
188
134
11
53
157
9
109
106
17
115
131
150
166
69
82
2
153
15
115
199
85
113
185
143
110
102
12
81
164
53
48
183
43
101
159
109
103
148
99
184
165
92
104
25
93
179
38
29
51
53
60
58
133
64
199
144
31
140
11
9
18
13
153
14
107
22
134
16
103
124
28
48
188
20
161
68
35
138
141
14
114
127
106
154
158
150
84
115
101
155
79
147
33
56
32
30
73
86
132
121
18
188
92
181
50
63
178
130
37
102
5
17
176
137
120
50
3
46
114
86
60
135
70
50
30
67
66
41
137
103
4
53
130
113
1
98
75
73
15
87
62
141
50
114
27
103
156
38
104
53
117
163
8
4
147
91
116
146
74
108
134
63
196
127
21
55
172
44
35
71
117
96
122
177
47
124
156
109
49
83
162
118
42
8
44
55
57
65
88
32
21
44
182
89
63
116
7
169
148
88
149
107
46
104
134
118
137
13
194
40
3
180
148
150
69
143
46
98
54
16
36
90
47
147
147
193
81
111
154
140
26
16
134
107
47
44
148
194
84
7
184
50
110
102
162
33
137
149
32
83
141
157
190
140
163
6
98
179
126
188
92
180
85
33
170
114
140
71
138
6
58
32
193
153
54
44
113
91
43
14
191
77
170
84
65
65
118
169
126
19
18
128
24
76
15
111
61
108
74
46
4
57
154
138
18
120
191
115
156
55
30
102
86
108
17
159
114
94
115
87
141
78
33
190
195
121
172
142
115
5
123
148
116
45
166
146
71
131
21
133
119
177
166
73
155
37
110
100
196
70
79
166
193
15
103
75
64
23
121
178
159
113
109
101
144
167
130
45
51
199
188
17
158
39
57
83
168
18
125
111
83
150
197
161
71
97
104
114
179
113
41
94
150
5
194
62
172
163
155
93
12
30
56
112
118
67
32
183
114
9
106
19
187
34
130
11
75
58
160
135
104
92
153
136
92
19
192
130
194
188
77
191
164
61
141
193
170
98
194
147
188
156
129
28
89
174
33
74
168
198
163
47
196
43
77
26
196
145
89
77
104
7
195
143
56
153
47
181
6
183
72
193
20
41
102
63
168
5
143
152
92
175
69
61
1
11
160
162
188
122
195
180
153
151
137
184
60
37
154
34
110
151
145
31
100
195
13
119
180
36
103
162
73
58
171
150
77
40
175
130
118
130
112
187
153
97
164
176
131
21
187
171
127
174
167
183
49
158
50
25
169
30
166
156
92
68
63
93
196
174
157
7
71
198
54
84
125
9
80
34
11
5
52
5
20
119
54
190
127
55
41
56
108
1
167
26
128
104
70
94
177
120
86
22
107
96
111
197
48
147
152
137
62
170
90
155
74
111
51
112
42
112
134
192
136
118
7
168
147
138
164
118
104
19
24
105
173
6
121
146
38
10
41
131
152
190
65
34
123
42
121
65
93
15
125
190
49
4
2
26
135
86
158
64
197
90
4
157
163
58
135
110
19
123
118
138
167
47
38
5
53
27
197
93
126
15
130
109
140
5
67
140
81
96
22
121
100
67
105
5
135
114
4
29
116
65
4
83
110
72
27
160
99
111
139
144
111
108
66
138
172
102
38
138
173
148
185
20
106
71
136
23
190
105
38
116
140
49
62
122
144
101
29
32
122
178
54
6
76
26
63
24
69
82
0
15
79
151
76
110
146
21
24
22
51
172
96
166
159
175
129
123
122
58
73
0
164
55
82
162
139
93
182
163
180
126
181
169
34
180
161
178
81
175
75
189
156
53
158
8
154
150
72
162
95
75
137
21
79
163
37
58
70
50
195
136
67
134
24
170
35
54
198
92
137
122
165
138
43
41
52
61
96
91
88
19
181
180
19
66
31
138
16
32
58
35
187
106
160
117
22
135
70
43
141
49
160
97
19
23
61
21
46
57
133
18
13
138
86
42
33
43
62
159
153
162
67
198
152
110
143
48
2
85
7
111
100
84
162
137
168
114
78
20
23
33
37
87
130
194
199
128
33
149
114
31
68
114
141
54
40
23
194
155
120
158
41
172
85
41
113
126
41
5
81
18
173
136
101
85
43
57
196
18
181
171
126
165
124
77
91
23
181
49
183
33
22
159
170
191
150
53
67
180
26
189
20
91
75
99
8
40
141
129
9
172
187
82
151
143
110
183
51
173
149
97
89
104
13
12
196
13
34
75
155
6
190
22
153
35
37
133
50
62
188
120
98
66
38
5
168
15
69
116
39
140
114
186
44
137
164
48
51
121
44
152
101
120
1
100
69
111
143
83
120
73
35
152
2
80
57
40
141
1
150
64
52
97
50
113
157
123
13
49
149
47
42
111
46
176
152
171
139
113
85
47
141
93
78
102
38
147
154
72
18
194
61
55
77
199
151
33
39
152
52
122
12
27
55
93
1
48
63
15
41
191
172
176
29
120
34
110
170
158
196
112
99
158
140
132
15
138
71
78
78
148
126
126
126
9
70
181
138
52
57
163
145
156
54
71
100
172
195
196
89
84
115
181
45
177
138
165
183
22
77
93
199
60
190
59
109
142
29
51
53
90
19
21
88
12
96
18
191
77
180
36
57
195
10
98
11
158
1
13
119
7
4
73
197
12
97
195
21
84
55
156
199
92
160
151
114
20
158
117
41
105
138
82
60
199
15
179
34
74
181
199
123
49
98
191
84
104
195
179
92
177
104
11
115
46
125
39
83
30
156
43
134
170
8
154
31
130
61
53
108
64
43
160
17
177
138
58
112
11
47
56
20
56
172
148
174
158
157
127
62
55
15
176
91
164
91
79
21
49
168
3
199
133
199
197
3
17
119
103
174
162
57
84
98
157
87
12
50
102
101
84
136
60
113
177
90
100
14
7
4
113
116
194
55
197
124
144
118
199
199
193
9
97
182
28
26
124
116
143
85
154
160
50
37
80
55
161
129
78
14
196
30
85
61
101
190
124
79
54
182
62
5
116
157
147
146
196
80
161
145
96
18
176
155
101
49
167
22
4
4
54
63
148
136
161
15
33
146
189
147
91
39
34
13
165
159
61
72
175
15
25
169
139
38
162
178
185
199
181
24
199
197
151
100
65
142
65
182
1
142
109
108
194
196
79
35
183
145
51
45
19
53
31
112
140
187
100
136
154
45
71
130
102
26
126
129
192
180
89
6
1
22
47
80
145
194
146
75
190
185
168
124
107
180
78
131
96
71
99
65
3
53
71
113
51
55
191
67
149
13
93
115
174
191
96
40
11
197
149
89
103
27
169
138
74
24
148
100
35
158
59
122
42
12
51
79
172
198
37
29
172
150
130
41
115
140
132
195
187
185
54
177
14
81
1
186
70
111
181
64
8
98
88
135
138
133
14
178
173
117
189
52
121
75
51
180
60
161
46
34
23
97
80
127
61
113
125
65
169
51
59
75
27
137
37
99
102
6
91
76
161
135
154
140
32
104
4
176
174
59
99
156
129
155
63
167
82
62
73
2
72
177
27
17
72
86
87
26
75
25
153
19
100
96
25
88
188
24
57
98
124
148
47
11
191
89
151
101
177
181
169
178
7
93
26
102
188
94
74
185
110
11
9
17
3
165
166
149
91
33
110
140
187
90
149
83
147
160
84
141
125
153
152
85
66
115
139
127
131
19
185
148
17
136
72
156
9
97
141
6
192
61
87
19
198
33
194
113
186
163
131
11
114
118
19
181
45
158
82
102
24
11
105
174
153
171
115
135
171
152
89
56
126
169
169
27
114
163
146
8
0
48
87
171
53
0
45
97
180
92
43
168
127
98
149
116
58
122
85
181
164
38
46
94
162
160
150
57
106
142
184
29
145
1
99
138
113
108
91
11
67
167
154
57
165
58
130
89
0
79
74
100
152
152
58
45
0
48
188
23
162
38
89
124
145
155
197
90
3
12
41
199
86
124
83
142
165
177
156
122
70
134
30
127
140
33
127
72
189
139
134
42
39
85
33
88
11
18
137
72
70
151
170
43
168
174
43
97
11
74
78
90
170
133
85
90
163
117
66
12
27
86
136
79
196
153
11
70
29
9
73
80
22
134
84
160
103
155
181
192
92
57
62
102
159
95
27
25
170
25
134
36
55
93
54
184
102
141
36
153
106
134
122
31
48
7
56
156
53
117
172
37
35
67
109
74
152
143
125
119
156
128
128
157
172
83
125
115
112
69
72
37
181
99
81
87
191
197
181
27
39
113
62
118
181
179
50
120
67
90
157
154
77
46
52
194
32
46
31
90
70
14
114
87
3
189
153
157
32
12
165
8
1
106
95
133
117
61
191
39
114
68
97
133
106
103
189
40
38
168
58
115
29
178
31
91
169
55
198
190
70
193
196
56
176
54
97
72
88
38
33
73
106
32
44
84
142
80
72
139
137
158
113
160
104
56
195
132
73
135
156
156
61
142
96
78
86
151
161
41
57
137
91
10
95
52
106
3
198
84
177
6
47
59
48
159
84
185
121
159
24
191
159
29
58
138
99
111
71
186
4
86
20
18
130
191
189
186
48
38
181
39
84
117
154
197
115
187
180
91
38
191
130
92
91
131
8
142
114
70
9
75
5
154
142
141
18
148
184
127
24
105
127
62
116
101
151
14
87
135
188
33
189
113
131
162
133
4
156
16
120
120
135
62
8
8
2
127
134
68
84
190
128
168
17
164
173
170
163
35
86
161
33
15
43
137
158
44
143
34
41
123
186
168
5
158
41
38
140
99
91
76
93
77
186
199
126
69
117
31
136
48
30
60
166
66
148
34
9
32
47
139
108
131
28
3
102
104
172
199
25
149
69
95
174
70
12
82
139
165
189
129
187
32
66
52
64
140
92
168
127
80
136
82
23
68
89
181
96
192
118
183
29
121
159
121
157
118
2
14
131
49
124
107
56
9
94
108
26
76
46
136
43
9
38
186
137
115
110
49
125
82
89
185
50
4
182
152
84
81
38
5
107
100
116
74
106
5
118
98
56
171
191
85
43
119
54
81
3
155
174
115
162
186
43
171
22
65
142
77
185
139
5
100
30
178
114
65
63
129
126
1
167
135
90
84
33
29
154
178
156
57
31
160
131
123
23
88
109
188
74
127
118
47
92
79
128
40
18
69
66
0
123
101
154
187
28
41
138
120
40
65
189
79
51
188
45
2
9
60
26
26
175
8
136
2
101
115
166
40
119
49
118
8
119
122
94
35
33
55
42
172
75
57
188
139
126
170
34
91
189
107
1
198
73
84
51
120
174
42
35
72
182
138
169
123
184
140
62
171
101
171
157
37
183
104
12
9
21
86
118
138
103
65
135
84
27
32
139
109
42
177
3
36
163
155
5
14
1
127
31
24
83
136
143
23
144
41
194
35
140
54
71
90
116
10
119
192
178
151
108
108
165
69
91
150
137
169
63
45
190
95
188
181
48
26
12
45
138
160
129
183
191
147
176
176
199
114
166
55
18
70
50
179
188
80
54
36
149
128
43
124
131
136
169
31
167
39
120
5
65
193
126
184
57
19
189
16
91
5
55
52
166
113
73
52
121
103
193
154
178
27
62
110
101
190
75
160
85
184
191
128
58
168
4
34
79
50
185
6
134
119
78
67
11
91
196
188
18
87
71
106
174
94
146
0
118
61
5
182
102
196
44
77
0
57
167
98
141
3
153
30
116
100
64
161
60
24
33
78
106
42
53
130
154
22
147
6
140
89
19
164
133
100
197
31
63
72
196
75
54
163
34
43
47
96
32
193
111
29
98
24
165
94
102
85
141
175
103
116
186
30
114
87
47
95
60
185
147
41
174
113
7
174
110
186
12
144
195
143
62
134
181
4
167
38
118
167
25
156
65
101
44
57
125
10
24
47
174
16
56
80
153
128
19
110
74
71
120
62
188
143
173
166
156
103
4
173
106
197
51
194
164
199
14
196
65
145
91
136
31
128
18
193
186
189
191
154
18
134
6
71
79
110
41
66
68
5
193
193
189
114
166
164
166
196
133
92
153
72
37
31
84
45
134
128
189
99
175
52
186
186
130
135
129
127
182
173
137
137
0
52
180
42
88
126
97
33
83
117
58
44
34
55
47
146
182
106
188
118
182
64
94
64
64
67
78
86
192
76
191
160
7
164
162
89
146
126
163
25
142
100
183
16
53
77
36
156
104
153
46
187
26
171
194
124
132
5
104
24
90
58
34
38
33
76
99
36
131
117
38
178
193
3
132
96
147
5
145
159
127
58
156
101
124
153
161
146
194
74
101
176
57
148
22
191
162
64
156
158
125
194
199
142
160
159
54
8
56
2
57
127
183
185
84
168
115
77
161
126
31
151
57
162
8
93
134
167
70
67
80
83
77
63
186
98
127
125
160
69
31
49
152
24
21
59
178
185
73
19
172
139
14
198
87
106
148
178
56
169
49
187
156
128
190
80
139
194
90
175
55
178
53
181
41
125
139
50
144
186
19
73
136
126
34
141
147
173
25
134
198
187
104
67
83
80
165
50
126
153
45
27
46
83
102
18
114
3
95
51
189
65
68
72
31
155
121
38
186
86
98
54
134
191
70
199
1
199
182
104
151
29
61
3
25
5
117
94
37
38
107
131
194
18
41
78
6
62
159
87
119
137
29
61
162
162
118
67
99
121
28
119
193
152
181
165
133
27
119
34
127
42
45
188
165
199
126
127
193
10
190
2
14
155
163
8
103
111
174
187
44
131
116
3
178
199
161
195
125
153
24
164
84
58
64
44
18
30
142
118
132
181
43
101
132
14
147
147
25
75
138
67
145
128
98
127
76
21
149
195
182
179
155
80
192
171
129
13
180
82
78
40
67
137
67
178
76
72
191
73
20
91
52
7
181
172
169
159
197
88
29
88
171
38
13
98
71
89
170
181
95
127
58
184
122
115
97
31
11
77
43
102
140
153
121
195
4
172
22
24
151
186
125
29
160
45
137
12
109
0
40
102
119
178
189
123
181
182
41
71
28
159
197
104
85
105
46
123
35
99
133
86
7
144
10
24
18
76
117
173
94
44
160
158
153
78
148
93
192
80
31
197
196
100
79
72
131
113
142
187
157
37
1
108
113
6
126
60
76
152
154
55
118
96
189
127
25
79
27
113
6
187
111
95
182
87
22
116
17
11
125
191
47
70
175
71
25
79
119
28
75
188
31
14
40
185
115
31
138
34
45
59
165
60
22
0
174
125
189
120
37
148
95
171
100
163
131
170
43
137
16
134
66
116
166
23
10
11
46
177
72
66
95
56
15
103
86
140
193
105
169
183
169
88
16
43
192
199
24
50
43
134
29
37
165
68
76
157
22
154
187
24
128
147
173
43
49
191
37
183
58
175
118
30
75
122
60
84
40
182
11
114
93
43
59
157
89
17
84
53
50
26
100
178
141
177
34
153
167
9
134
181
38
59
135
144
125
32
0
120
0
117
40
119
140
92
156
154
113
110
140
155
88
118
175
66
131
145
131
6
181
122
5
105
80
42
121
178
4
164
191
28
2
198
10
92
46
124
198
88
194
79
13
2
61
51
70
108
79
6
84
173
39
147
190
177
132
87
136
79
140
59
77
77
188
79
86
30
133
120
164
11
31
105
14
7
133
141
95
187
85
84
176
163
113
3
173
96
103
134
127
108
57
89
38
61
186
132
104
40
30
68
138
111
85
118
97
101
116
151
197
141
87
48
148
115
151
13
87
162
180
67
3
197
111
89
134
25
167
16
75
87
150
68
140
96
79
141
19
89
182
199
125
149
107
52
187
18
173
52
15
195
87
27
103
173
34
120
17
30
7
30
68
143
135
140
198
122
17
15
143
22
7
79
185
119
109
158
91
195
102
165
48
199
13
81
185
120
142
67
132
134
135
189
6
3
54
31
12
137
80
178
50
120
66
124
191
103
192
82
21
155
0
4
88
75
34
193
11
91
110
91
121
175
26
94
134
191
63
10
123
121
191
176
40
117
5
58
49
193
136
138
176
101
37
44
187
161
169
48
17
66
40
15
198
91
69
183
152
32
110
161
6
102
50
120
140
7
98
148
45
137
34
44
54
134
171
139
187
110
70
129
32
112
198
81
94
8
11
11
64
170
71
32
153
12
62
27
59
10
55
47
198
107
41
59
132
89
52
11
165
158
6
104
156
97
166
143
141
120
48
134
153
152
61
67
136
15
198
111
33
139
14
176
129
83
130
132
109
115
197
25
166
85
164
153
105
43
90
195
127
129
1
149
120
102
190
29
159
28
23
111
145
197
116
56
104
13
192
178
175
159
130
32
81
191
52
113
18
127
87
169
73
21
1
195
88
66
180
155
82
77
116
95
8
5
21
190
72
22
95
73
123
26
143
22
122
33
139
163
76
91
41
135
157
74
84
20
126
45
197
153
198
15
82
44
90
127
21
77
150
192
156
85
88
96
32
93
149
53
156
75
82
99
12
103
89
123
119
92
198
158
75
139
117
7
164
25
138
70
176
64
181
160
42
99
56
12
41
186
190
152
116
110
153
122
132
190
88
76
38
48
116
70
11
52
69
63
62
2
157
126
2
124
97
130
157
93
128
98
197
17
105
7
46
110
21
109
69
40
118
184
84
163
75
76
9
65
49
188
189
99
87
108
143
36
166
130
10
170
75
127
186
53
99
140
6
74
50
119
130
193
15
117
85
113
0
137
185
142
189
179
172
89
19
148
170
46
32
173
93
67
126
159
122
148
175
173
9
91
67
77
169
124
32
126
141
135
110
164
183
103
173
86
120
47
38
161
153
140
44
181
121
78
189
157
75
176
48
84
162
71
45
67
84
31
67
23
161
40
154
183
31
111
126
91
116
106
20
71
166
92
68
175
66
174
75
166
23
150
140
15
190
97
163
28
49
20
118
12
5
192
112
110
181
180
42
20
76
148
128
44
95
23
6
192
45
151
157
197
171
122
31
8
8
149
10
44
2
23
12
1
140
155
163
86
133
16
151
191
93
195
23
33
118
140
133
178
77
54
199
150
43
199
91
109
77
175
70
40
68
142
65
49
66
182
80
162
130
56
152
198
34
130
141
181
40
182
189
107
70
69
61
87
83
42
141
144
24
68
146
171
115
67
169
186
171
124
27
183
50
95
49
71
88
22
157
97
57
192
66
189
37
187
58
25
47
175
18
111
133
183
75
59
28
155
104
103
20
97
191
97
167
187
118
125
106
17
68
28
157
111
113
118
45
145
170
115
91
146
21
157
33
181
29
33
0
90
35
125
49
66
25
91
6
6
92
83
140
161
93
7
16
31
52
120
35
133
11
199
195
79
130
45
159
56
187
115
126
84
124
14
93
18
157
10
171
69
149
103
35
162
174
193
22
123
129
169
178
26
199
33
51
185
93
189
163
174
179
5
49
5
185
87
108
21
62
9
11
68
71
156
58
94
57
44
10
137
147
163
110
36
34
38
118
78
82
48
42
122
118
114
133
80
45
132
91
15
177
69
64
127
101
117
46
3
194
180
50
163
142
20
148
143
98
137
2
16
126
57
24
137
27
95
77
146
164
169
21
45
50
121
182
105
155
176
66
76
134
86
9
118
14
191
15
184
65
111
57
123
11
174
159
117
44
79
143
111
98
26
118
114
180
17
107
31
13
24
18
85
113
182
26
101
23
72
84
34
27
156
192
197
103
178
134
117
109
47
165
114
116
99
75
90
20
163
42
77
191
137
195
195
103
55
98
110
94
2
54
186
181
27
75
112
93
25
182
106
68
66
180
105
124
185
191
74
94
0
39
119
150
39
17
33
139
157
174
35
53
155
2
122
187
144
118
129
105
183
117
17
10
109
88
118
144
198
87
132
141
103
5
96
36
38
198
27
177
101
72
121
162
62
67
152
185
152
21
116
199
80
14
23
158
35
190
158
35
95
174
31
62
162
90
133
103
10
128
54
167
35
157
44
128
87
5
16
58
15
12
141
59
72
166
136
178
9
192
197
169
161
9
180
156
189
56
179
34
55
27
21
55
10
25
160
19
66
45
60
59
120
111
143
186
43
128
182
139
82
2
110
30
126
83
49
101
77
36
11
113
193
122
84
62
127
63
72
111
26
94
106
96
0
114
135
191
109
153
23
101
51
186
94
126
107
168
72
75
197
18
196
176
180
9
15
183
77
61
113
129
101
196
5
108
74
160
121
69
2
60
30
43
192
59
73
94
29
189
88
74
26
158
160
196
132
117
59
111
9
46
7
67
62
100
97
164
51
39
105
146
86
77
7
34
164
105
107
176
22
149
58
175
56
92
189
103
101
161
115
138
190
69
86
75
81
81
75
107
110
1
43
185
5
137
79
182
43
103
32
74
196
140
132
134
18
8
116
39
163
161
43
27
49
24
90
196
138
64
78
54
136
164
162
79
59
147
168
18
122
67
123
39
185
103
81
83
69
166
196
135
18
138
119
64
13
153
166
34
101
100
198
9
36
146
75
54
188
48
145
27
85
167
2
163
35
58
29
73
20
194
184
147
30
176
124
122
167
198
15
81
70
146
23
24
159
176
178
196
37
51
147
116
119
16
103
187
93
159
117
149
19
15
59
199
108
13
181
72
10
81
129
6
34
109
86
70
93
162
123
4
128
177
52
154
125
50
198
49
154
165
196
34
111
19
42
176
54
55
23
140
43
31
15
59
195
177
198
112
80
36
73
106
122
164
95
113
170
161
141
139
56
109
102
189
68
40
153
88
9
162
60
162
150
44
183
54
54
27
195
185
39
18
74
10
191
19
144
45
163
185
78
163
18
165
31
138
101
51
92
93
26
145
194
104
150
36
147
138
159
150
122
94
164
96
48
104
148
47
139
185
147
182
22
39
99
97
36
4
167
153
126
18
163
112
100
48
199
179
56
163
74
135
62
187
91
185
23
0
171
182
13
58
119
76
177
74
193
3
104
177
37
84
44
138
97
12
175
126
78
28
34
37
52
145
163
68
177
91
141
191
138
132
33
107
18
191
163
72
183
66
183
186
4
25
66
92
121
112
13
96
7
197
196
164
135
0
78
148
194
160
12
119
115
124
188
161
97
146
119
102
137
7
30
54
112
20
188
65
109
145
173
175
101
97
84
188
8
33
169
95
1
86
186
182
4
82
136
160
159
131
34
14
130
32
104
7
131
153
150
158
107
138
136
26
68
139
4
58
20
7
98
163
27
191
9
199
167
187
187
124
169
108
153
126
128
129
33
10
44
171
155
112
149
151
11
19
82
120
113
1
21
191
29
2
19
80
93
103
154
18
25
160
99
50
181
129
70
116
77
18
77
136
184
186
113
149
27
31
96
181
198
13
64
44
4
137
54
13
28
104
31
195
84
16
128
82
109
35
112
8
65
92
50
11
121
88
153
135
59
58
149
172
185
178
170
82
45
99
191
90
184
119
196
43
26
194
180
22
171
40
194
174
120
196
16
167
194
190
179
26
56
151
146
50
68
172
53
174
75
117
155
67
94
81
195
85
30
88
188
83
76
68
112
44
126
189
171
145
182
160
98
121
5
43
134
163
156
167
15
179
11
59
21
132
2
113
130
46
28
119
68
109
92
4
70
110
168
20
198
78
130
50
57
32
30
18
114
171
181
120
154
142
31
72
42
57
32
27
116
65
49
194
23
175
87
26
160
87
113
93
198
152
34
153
62
196
47
95
77
61
139
50
36
186
109
105
13
13
3
187
28
107
0
118
81
87
120
52
122
83
125
155
86
156
26
199
76
144
196
151
97
199
41
64
32
115
128
2
131
126
48
157
8
63
85
183
88
80
101
37
73
175
64
3
130
62
182
130
158
121
10
189
34
68
180
8
9
78
13
126
0
6
19
158
91
169
84
40
37
5
144
1
175
150
23
145
120
74
193
69
26
186
100
126
5
143
80
182
61
71
127
178
71
59
56
104
161
182
74
14
22
52
38
148
161
44
189
104
41
132
192
12
115
39
199
150
158
110
145
156
175
48
58
177
84
7
2
97
14
121
170
117
103
175
10
155
59
94
198
165
76
175
47
156
53
21
117
105
104
123
146
175
74
103
10
41
196
79
175
164
109
159
9
64
107
67
18
24
25
63
31
108
138
57
170
71
132
120
84
58
79
43
17
12
84
80
28
124
195
183
169
93
68
91
33
76
55
149
72
145
176
36
18
48
10
77
76
187
156
74
80
174
144
18
112
190
192
6
131
62
76
171
85
160
118
193
40
117
47
175
81
1
50
160
118
54
109
54
35
139
81
33
99
128
167
60
107
17
42
61
139
77
91
167
30
161
135
158
25
54
78
94
104
20
124
192
36
17
34
81
41
115
119
49
131
189
39
101
88
193
134
130
153
66
198
7
2
77
27
85
73
196
88
54
99
6
171
14
66
167
75
107
186
175
98
77
139
33
189
185
185
130
80
80
111
188
150
63
139
199
166
27
178
163
178
98
36
91
57
113
194
73
84
54
124
11
134
169
183
159
116
108
12
177
196
155
123
61
89
82
198
90
60
147
82
86
135
192
64
56
180
178
43
142
42
71
1
139
7
26
180
60
129
194
67
72
78
120
121
138
155
30
15
100
137
49
93
26
12
163
35
104
14
120
54
8
33
114
103
28
97
123
149
52
103
102
130
53
178
123
35
143
71
133
121
72
2
2
37
34
149
174
185
86
93
196
97
124
132
155
160
97
176
168
62
19
35
182
103
195
4
134
143
47
42
109
162
147
97
185
48
187
93
79
165
120
59
60
23
77
175
133
168
125
112
174
20
100
80
12
20
134
176
24
32
7
16
96
116
111
123
179
49
41
73
32
44
178
110
179
196
169
15
86
29
111
29
105
129
147
171
173
150
194
162
2
147
18
19
123
108
98
84
147
165
120
116
54
98
102
144
166
109
121
160
153
81
0
68
43
164
46
183
77
41
51
150
66
195
109
162
34
181
127
88
189
62
155
66
197
123
161
63
120
85
44
69
73
121
165
119
42
182
71
121
153
49
22
168
92
92
52
47
193
109
50
148
134
58
95
104
9
43
16
118
46
72
172
11
156
65
43
107
138
148
162
165
107
129
14
84
82
58
171
158
140
22
23
58
129
125
167
58
94
181
70
112
139
2
118
125
148
141
92
20
78
99
77
22
47
150
150
110
130
58
109
20
103
13
58
103
51
105
169
67
184
134
54
163
19
8
53
32
110
176
46
127
2
199
170
192
155
180
148
75
72
190
54
53
77
70
79
16
55
68
142
0
59
58
174
98
11
5
38
7
198
15
124
70
59
122
85
0
42
127
171
5
55
173
76
28
140
133
19
119
17
81
45
157
107
93
106
24
14
21
101
47
64
134
122
191
180
50
140
178
152
115
136
177
139
176
193
101
110
69
120
145
102
36
144
140
51
26
44
27
105
109
142
107
192
129
132
92
42
186
17
121
136
123
45
131
145
5
82
62
97
187
68
51
122
58
68
4
169
78
154
190
95
80
52
32
18
164
199
35
40
30
88
194
144
188
80
104
4
71
154
144
119
163
90
183
175
150
172
15
111
69
126
101
124
146
59
146
130
74
157
62
42
131
22
56
122
138
156
162
105
170
78
153
77
49
183
91
35
108
13
105
178
27
126
76
37
23
177
36
147
96
12
59
109
36
143
191
171
129
52
63
115
59
170
181
159
8
45
178
2
17
83
135
191
12
69
15
69
180
144
18
195
154
87
148
100
125
39
5
31
164
95
25
127
156
121
151
65
118
153
47
7
128
66
85
160
139
111
34
161
180
101
129
188
44
170
15
28
146
25
27
18
177
110
70
191
84
0
76
199
149
48
8
46
53
141
62
26
165
81
121
164
83
67
189
76
113
41
166
64
32
194
32
80
130
94
56
178
148
43
183
173
82
77
159
52
164
168
150
73
78
133
120
99
14
159
105
93
118
73
119
148
114
182
166
13
139
100
109
153
82
77
109
199
184
92
74
140
130
113
162
57
90
129
99
136
80
157
57
156
71
84
133
181
68
168
177
141
114
178
87
58
25
51
114
128
69
185
44
10
122
42
78
93
140
199
126
98
109
144
106
93
80
56
12
126
115
93
30
116
113
198
132
49
141
137
104
134
179
120
137
115
120
47
5
27
114
173
45
114
193
173
176
148
69
144
199
156
145
144
56
69
126
123
71
17
66
122
182
139
95
117
196
123
112
102
108
14
86
150
164
158
137
40
190
125
193
128
148
194
5
38
28
134
114
5
35
150
53
107
158
189
165
173
131
12
167
1
110
57
116
39
24
90
72
180
49
108
81
132
182
164
96
195
94
137
84
41
54
13
169
176
180
70
72
187
9
109
32
100
136
185
18
26
35
121
26
182
188
69
185
192
185
167
48
171
25
188
167
97
139
57
91
196
133
115
157
27
90
143
63
133
149
43
34
173
66
95
60
25
12
3
189
97
121
135
0
41
113
49
174
155
13
14
85
52
61
72
40
105
98
16
137
118
42
105
146
90
177
25
48
179
100
52
184
17
42
150
52
162
147
101
118
2
178
169
5
60
79
41
93
73
69
20
33
51
74
192
4
95
157
122
93
62
65
50
64
22
32
194
128
73
83
44
155
10
61
101
63
55
104
34
8
143
95
125
195
186
162
180
44
31
64
62
116
190
119
11
111
19
119
15
113
99
84
90
144
119
170
119
117
122
139
7
172
184
12
137
83
53
157
1
96
30
63
90
147
184
81
49
170
44
139
168
146
92
179
187
83
181
61
18
149
0
189
148
143
126
144
28
190
56
136
179
138
1
183
26
36
80
3
17
20
165
72
185
136
199
11
83
94
176
178
115
82
63
41
4
67
7
87
185
135
24
79
165
143
34
138
144
110
130
154
199
67
187
10
55
37
146
169
93
54
197
197
61
160
88
91
69
100
62
77
52
98
33
53
85
83
47
150
26
146
161
186
15
185
80
165
189
47
46
16
31
23
31
194
44
116
10
41
33
40
167
126
154
76
119
142
125
90
195
125
124
6
2
134
21
43
50
157
151
73
146
189
147
52
33
69
157
25
135
133
117
137
71
86
63
64
133
23
123
127
178
21
73
133
80
2
181
68
180
174
66
144
72
51
199
107
138
90
99
83
108
187
118
181
176
57
173
170
80
148
17
151
144
136
61
91
129
11
34
194
66
196
194
15
180
7
157
110
107
93
18
158
4
88
118
157
176
164
114
102
140
160
180
118
9
172
69
141
134
45
178
159
40
156
89
26
108
84
10
154
129
66
55
151
37
183
82
144
18
193
138
145
84
128
177
184
169
36
116
198
70
163
152
72
163
176
69
117
10
23
90
130
145
165
6
89
120
173
158
161
177
61
135
102
125
63
2
89
69
195
95
178
179
106
135
89
13
69
114
125
10
172
9
84
117
130
18
193
44
182
150
163
28
196
168
121
50
42
28
68
16
39
193
13
50
117
140
150
52
167
131
189
50
6
59
178
99
86
7
161
83
133
69
155
52
195
46
103
96
76
2
142
110
195
110
84
78
153
36
186
178
139
60
17
28
89
76
33
86
27
121
175
146
166
145
69
102
148
175
75
59
186
2
3
67
178
163
98
188
25
145
187
165
3
26
133
92
74
120
181
50
54
165
30
44
38
157
188
55
84
63
169
190
159
79
7
91
18
91
179
24
10
176
67
73
197
136
14
144
77
66
97
27
83
63
35
142
25
52
22
161
88
33
37
31
24
108
125
10
118
195
132
109
151
109
70
160
3
139
31
18
53
152
139
142
15
42
144
100
58
4
29
2
138
105
92
183
8
95
2
61
74
14
144
73
141
67
66
15
51
110
108
134
95
156
157
110
116
18
139
129
61
111
150
21
160
76
137
69
60
178
170
166
146
56
67
149
120
80
65
187
143
5
2
34
30
172
92
102
71
123
112
147
128
170
125
182
156
69
152
19
104
75
65
75
178
166
89
40
170
23
152
23
125
93
140
175
94
154
59
76
101
98
41
195
84
145
173
42
12
40
30
62
199
100
59
111
70
123
39
140
178
171
171
175
87
113
22
68
93
179
176
67
72
43
116
0
0
32
163
35
51
2
77
41
5
106
187
198
58
52
176
149
138
186
134
55
147
142
60
75
101
67
53
103
110
153
60
60
197
123
51
15
84
191
107
161
191
105
94
29
82
52
56
33
70
14
140
163
3
199
99
185
50
62
103
21
185
128
46
163
138
6
145
121
117
161
140
98
33
61
24
38
74
39
4
114
36
141
99
199
53
16
86
66
153
88
58
15
151
133
164
139
17
21
89
197
129
134
2
55
174
114
77
175
78
162
183
68
21
9
77
16
108
182
121
145
101
109
81
187
10
147
188
182
86
99
30
23
75
10
91
101
130
27
160
139
90
176
149
109
151
127
198
0
164
108
177
51
19
48
170
20
80
134
129
120
134
158
61
19
113
128
131
160
43
54
14
46
42
190
138
23
190
11
20
85
152
23
9
195
86
87
143
54
140
163
192
95
92
24
82
61
134
100
28
155
170
150
28
28
178
175
35
126
69
57
105
162
110
178
13
71
59
13
149
53
169
181
92
141
101
183
185
186
134
107
108
83
54
182
115
57
150
144
27
48
185
141
18
43
57
89
129
72
118
85
80
93
85
81
33
38
53
173
182
101
92
144
158
36
96
92
106
89
58
92
198
23
93
10
179
157
77
97
162
189
10
164
163
27
195
42
131
143
183
183
28
26
78
176
78
185
31
18
131
1
83
71
153
151
22
150
40
122
110
142
83
144
67
111
83
194
167
60
191
148
111
41
8
197
23
70
137
143
196
197
172
188
83
46
174
141
23
187
101
104
8
18
168
22
126
184
92
61
20
92
8
81
58
95
54
2
115
166
58
114
46
49
166
149
87
156
20
197
85
15
69
18
135
163
142
50
167
68
122
170
64
38
50
129
76
141
178
29
166
125
157
69
31
74
16
106
100
69
196
99
4
68
53
196
134
141
47
41
145
47
145
4
118
100
58
193
48
95
103
43
196
30
126
141
147
92
53
79
28
110
132
26
54
167
145
162
108
131
10
119
169
116
108
120
82
125
58
173
147
56
138
22
33
198
18
14
23
91
64
110
4
2
54
175
122
45
188
160
42
57
0
152
98
81
192
184
184
18
112
88
136
126
111
180
1
0
148
131
158
66
174
4
121
182
105
174
130
64
132
50
101
172
79
31
81
185
81
50
76
41
184
119
52
60
90
152
160
152
184
25
13
79
27
102
93
21
118
74
82
53
83
157
177
191
89
104
193
191
59
112
66
141
68
141
34
69
175
150
26
99
51
195
192
85
179
175
158
180
155
64
151
47
182
132
34
54
77
9
143
1
18
16
190
51
162
183
55
62
9
91
156
124
80
55
26
151
145
3
182
102
67
43
133
180
177
114
92
70
20
44
22
193
185
149
68
78
181
113
126
44
181
105
160
112
163
135
64
194
18
134
19
7
34
112
39
39
79
117
179
67
140
54
187
125
133
171
160
115
130
7
164
145
135
198
75
26
72
7
197
139
162
100
128
124
197
99
10
75
61
9
27
87
96
58
145
55
34
191
150
133
60
108
140
154
11
101
25
86
12
68
189
4
141
194
168
160
79
80
33
174
136
0
145
185
84
173
197
164
12
27
178
0
135
101
19
187
20
177
31
73
42
26
166
74
142
138
81
168
172
34
145
178
81
159
127
154
173
195
35
112
134
165
56
193
183
173
45
64
135
121
103
126
94
157
25
41
107
66
94
143
184
158
69
117
47
123
2
184
118
175
30
127
45
136
21
59
105
65
69
20
105
150
54
114
197
24
181
61
70
149
186
185
0
111
130
153
4
103
47
182
187
94
138
141
61
176
139
43
23
189
175
13
195
141
89
8
2
8
27
153
148
167
19
27
31
106
43
75
174
135
152
169
65
84
12
13
178
169
183
164
32
77
184
182
124
131
34
124
57
88
66
75
96
164
148
168
65
195
149
199
151
103
3
4
42
116
184
37
56
87
110
186
189
180
164
186
182
186
86
163
54
109
180
6
16
65
89
148
123
197
51
185
115
91
18
172
116
155
89
136
122
23
130
114
12
118
118
6
118
88
90
25
150
35
197
69
158
24
110
109
128
125
18
53
32
192
90
52
107
4
84
161
85
195
0
167
16
41
139
79
176
160
56
112
164
77
74
134
111
159
86
52
92
39
85
111
176
16
136
152
33
13
132
101
181
129
173
38
53
39
30
31
16
86
94
134
68
137
94
139
159
113
151
31
187
167
153
178
112
73
167
181
124
152
102
57
174
76
171
122
192
69
180
3
10
135
118
119
186
104
158
81
122
170
148
49
66
144
154
92
4
190
138
166
63
89
21
191
139
32
176
31
147
22
32
127
57
165
70
126
43
17
30
52
195
38
89
79
196
14
19
143
64
123
95
128
39
13
142
116
1
89
110
138
69
63
47
87
186
150
73
151
10
38
105
128
151
121
114
92
45
167
96
129
183
36
144
198
118
96
28
76
156
28
163
38
199
12
140
183
169
21
34
151
124
187
83
57
178
151
195
20
50
13
126
124
111
78
3
124
130
70
36
11
0
51
161
64
15
136
196
187
65
30
47
65
187
46
121
147
48
117
56
108
198
164
73
45
58
131
43
199
71
138
73
20
137
60
110
3
24
56
34
198
152
149
131
65
29
65
39
162
132
198
77
15
133
42
12
176
157
57
99
10
167
105
104
149
186
114
148
155
102
136
155
78
152
110
25
44
85
129
40
9
67
102
15
98
155
49
68
1
83
115
41
2
112
190
180
73
144
33
113
181
45
107
43
149
78
157
79
38
48
1
9
134
137
57
16
96
181
5
156
52
97
117
48
34
61
95
122
171
175
53
32
5
130
174
197
33
158
127
24
42
9
158
21
163
106
99
93
197
134
68
145
197
188
27
180
31
59
61
166
41
51
42
12
69
176
45
173
68
67
135
56
92
68
60
49
150
106
17
130
54
154
95
94
48
38
17
129
139
100
111
11
37
39
189
155
155
44
91
144
139
171
65
3
8
173
6
8
121
196
5
123
143
14
149
128
80
195
196
11
29
94
87
109
60
177
56
80
139
192
149
26
10
48
33
53
195
48
25
167
121
197
53
133
98
60
56
194
147
17
134
126
134
20
186
169
194
3
145
23
24
74
46
174
61
87
75
106
9
186
169
145
10
121
108
34
13
131
141
185
99
10
101
69
60
155
59
19
51
162
123
179
46
182
100
96
72
155
11
86
124
31
9
59
168
124
166
119
164
172
72
56
86
3
108
158
115
22
191
190
139
121
26
178
74
38
56
37
111
2
6
149
123
17
166
25
135
186
47
145
130
125
180
20
30
16
23
4
110
41
154
191
142
78
170
167
127
144
17
17
141
78
94
83
31
30
75
150
171
134
83
50
155
64
102
65
88
196
130
107
145
16
24
25
64
51
24
158
169
55
25
151
56
180
33
44
182
193
190
126
0
189
7
104
156
108
169
154
96
133
146
104
153
24
188
81
125
77
102
83
93
119
197
84
123
176
2
60
76
22
129
86
17
99
133
69
168
10
99
107
42
101
113
61
169
164
18
170
88
48
66
82
23
13
89
83
113
157
117
7
99
138
184
130
44
139
11
111
28
0
118
73
82
1
181
151
133
40
16
145
191
87
111
127
57
12
24
65
127
57
167
97
26
15
112
21
27
171
12
8
58
145
78
56
164
93
113
66
106
144
144
57
188
175
185
46
73
120
127
170
17
142
66
102
90
156
109
83
52
149
132
