85
14
168
130
35
146
107
133
67
103
33
73
103
5
38
90
184
121
17
129
130
128
29
146
152
90
91
54
115
101
5
152
163
77
190
189
168
94
77
149
106
142
64
177
29
33
12
104
49
145
163
122
197
154
103
160
163
40
66
61
191
54
192
101
177
76
68
17
98
188
135
172
11
97
160
6
168
124
157
194
196
156
39
13
198
9
60
78
169
6
189
108
34
16
96
137
58
15
72
73
35
1
104
6
192
133
79
84
93
194
92
92
101
85
123
143
194
129
152
169
182
70
104
23
97
88
136
158
52
19
141
186
193
152
145
71
198
95
87
192
62
57
166
41
39
8
194
107
195
77
56
108
38
166
143
113
54
98
76
41
129
154
102
30
88
142
97
99
176
193
6
181
97
43
183
23
24
153
47
86
103
162
184
117
165
16
22
182
64
41
17
22
69
178
41
108
82
127
82
14
